1 0 11854.69 10335.72 12 0 0.00 
1 1 11507.23 -15811.90 3558.89 -9772.35 12 1 0.00 0.00 
2 0 -5877.08 8565.94 12 2 0.00 0.00 
2 1 -13084.90 5850.66 -405.99 11138.62 12 3 0.00 0.00 
2 2 -604.66 4184.69 4643.56 -743.14 12 4 0.00 0.00 
3 0 4182.82 -5749.29 12 5 0.00 0.00 
3 1 -1335.73 -5816.66 11631.96 -3904.67 12 6 0.00 0.00 
3 2 -6776.28 -357.27 -1888.70 902.89 12 7 0.00 0.00 
3 3 -4021.38 -2265.15 -2920.49 -245.31 12 8 0.00 0.00 
4 0 398.37 1851.87 12 9 0.00 0.00 
4 1 -431.86 -1013.87 1331.63 -2139.60 12 10 0.00 0.00 
4 2 2168.91 414.66 5410.37 3233.01 12 11 0.00 0.00 
4 3 465.44 -637.84 2219.70 -50.79 12 12 0.00 0.00 
4 4 -1758.43 65.55 -2912.02 -1811.49 13 0 0.00 
5 0 292.22 -2346.74 13 1 0.00 0.00 
5 1 -51.66 520.22 -2065.29 1323.32 13 2 0.00 0.00 
5 2 14.56 -383.17 1925.34 -1762.77 13 3 0.00 0.00 
5 3 36.97 353.48 -777.38 1477.53 13 4 0.00 0.00 
5 4 241.05 22.32 1661.95 -2025.08 13 5 0.00 0.00 
5 5 -263.43 -331.66 -1909.03 -2940.09 13 6 0.00 0.00 
6 0 -100.69 -2269.28 13 7 0.00 0.00 
6 1 61.04 12.06 -740.16 1624.96 13 8 0.00 0.00 
6 2 -94.53 63.35 62.25 518.82 13 9 0.00 0.00 
6 3 59.67 -44.29 790.50 1200.43 13 10 0.00 0.00 
6 4 -60.99 37.32 -330.89 988.61 13 11 0.00 0.00 
6 5 27.69 26.18 -1353.39 -800.07 13 12 0.00 0.00 
6 6 31.42 -58.62 424.12 -694.41 13 13 0.00 0.00 
7 0 2.76 -168.26 14 0 0.00 
7 1 -12.32 -21.49 21.35 -300.27 14 1 0.00 0.00 
7 2 8.86 5.46 1018.20 701.47 14 2 0.00 0.00 
7 3 -17.05 -6.88 1135.41 637.15 14 3 0.00 0.00 
7 4 13.01 3.04 -688.69 254.00 14 4 0.00 0.00 
7 5 -11.65 -4.86 -50.97 427.65 14 5 0.00 0.00 
7 6 0.83 5.50 -692.10 -904.05 14 6 0.00 0.00 
7 7 8.75 1.57 920.70 382.70 14 7 0.00 0.00 
8 0 2.51 212.95 14 8 0.00 0.00 
8 1 0.48 1.82 -89.99 -489.09 14 9 0.00 0.00 
8 2 1.50 -2.79 908.86 352.13 14 10 0.00 0.00 
8 3 0.57 1.66 108.49 235.00 14 11 0.00 0.00 
8 4 -0.66 -2.41 -176.23 -57.24 14 12 0.00 0.00 
8 5 0.95 1.75 -564.44 -15.10 14 13 0.00 0.00 
8 6 -0.43 -1.81 239.92 -321.08 14 14 0.00 0.00 
8 7 -0.52 0.62 -37.80 -73.72 15 0 0.00 
8 8 0.10 1.12 317.41 204.16 15 1 0.00 0.00 
9 0 -0.31 -248.95 15 2 0.00 0.00 
9 1 0.19 0.32 -75.71 189.91 15 3 0.00 0.00 
9 2 -0.24 0.25 51.87 86.28 15 4 0.00 0.00 
9 3 0.34 -0.03 -96.24 330.79 15 5 0.00 0.00 
9 4 -0.10 0.23 -369.89 -69.58 15 6 0.00 0.00 
9 5 0.16 -0.23 -266.32 -217.50 15 7 0.00 0.00 
9 6 -0.08 0.24 93.35 108.99 15 8 0.00 0.00 
9 7 0.16 -0.18 120.18 -279.72 15 9 0.00 0.00 
9 8 -0.11 -0.02 -14.49 299.00 15 10 0.00 0.00 
9 9 -0.13 0.05 31.81 -105.64 15 11 0.00 0.00 
10 0 -0.02 -265.87 15 12 0.00 0.00 
10 1 -0.03 -0.06 -1.50 253.64 15 13 0.00 0.00 
10 2 -0.02 0.02 -123.98 -13.24 15 14 0.00 0.00 
10 3 -0.05 -0.01 0.56 206.48 15 15 0.00 0.00 
10 4 0.02 0.02 -292.27 -41.34 16 0 0.00 
10 5 -0.03 0.01 40.23 -204.70 16 1 0.00 0.00 
10 6 0.03 0.00 -13.76 141.95 16 2 0.00 0.00 
10 7 -0.03 0.01 205.04 -111.46 16 3 0.00 0.00 
10 8 0.03 0.00 -114.74 75.81 16 4 0.00 0.00 
10 9 0.00 -0.01 45.55 57.69 16 5 0.00 0.00 
10 10 -0.01 -0.01 -28.00 -82.26 16 6 0.00 0.00 