001       12.944855        0.059042
002        0.174633        0.104527
003        0.214850        0.093989
004        8.028582        0.126033
005        0.618287        0.167441
006        0.018570        0.156853
007        0.104274        0.071467
008        0.323307        0.068578
009        3.336366        0.151637
010        0.141544        0.161141
011        0.139069        0.156853
012        0.241142        0.123299
013        0.360620        0.116961
014        0.127555        0.065463
015        0.021033        0.063520
016        1.048502        0.126450
017        0.016672        0.125062
018        0.010330        0.123938
019        0.229522        0.125206
020        0.040950        0.121673
021        0.057006        0.103899
022        0.006124        0.102301
023        0.014956        0.059794
024        0.068141        0.059194
025        0.084015        0.099476
026        0.049616        0.102885
027        0.067130        0.101251
028        0.148327        0.098865
029        0.071084        0.097939
030        0.021882        0.099506
031        0.015427        0.098989
032        0.062780        0.087083
033        0.059009        0.086882
034        0.118201        0.054160
035        0.034300        0.056994
036        0.202914        0.082269
037        0.029802        0.081679
038        0.035721        0.081126
039        0.052611        0.081934
040        0.001733        0.079677
041        0.005673        0.078404
042        0.007953        0.078389
043        0.002788        0.079168
044        0.032340        0.079158
045        0.001635        0.072525
046        0.032906        0.074896
047        0.034678        0.053135
048        0.052516        0.051417
049        0.001585        0.065800
050        0.014743        0.066898
051        0.001089        0.065994
052        0.012406        0.066051
053        0.044388        0.065365
054        0.026048        0.065876
055        0.002262        0.065551
056        0.007293        0.063758
057        0.001190        0.063540
058        0.015219        0.063804
059        0.003029        0.063922
060        0.017381        0.062687
061        0.026127        0.061944
062        0.002154        0.048847
063        0.026143        0.048254
064        0.091601        0.053028
065        0.012930        0.052944
066        0.000446        0.052332
067        0.045529        0.053595
068        0.052099        0.051827
069        0.028680        0.052012
070        0.010464        0.052177
071        0.011508        0.052479
072        0.002429        0.052295
073        0.003120        0.051001
074        0.010187        0.051714
075        0.015759        0.051349
076        0.006324        0.050909
077        0.001430        0.051389
078        0.003801        0.051695
079        0.022371        0.044280
080        0.017490        0.044663
081        0.076655        0.043158
082        0.012829        0.043505
083        0.014921        0.042727
084        0.079239        0.043711
085        0.040348        0.042626
086        0.011697        0.043139
087        0.009013        0.043080
088        0.010617        0.042886
089        0.005255        0.042593
090        0.004877        0.042966
091        0.004398        0.043067
092        0.019223        0.042863
093        0.005398        0.042592
094        0.001398        0.042364
095        0.005273        0.042347
096        0.017943        0.043188
097        0.000621        0.043616
098        0.006726        0.040805
099        0.010435        0.040699
100        0.031440        0.025785
101        0.020010        0.027226
102        0.013844        0.024782
103        0.055836        0.026804
104        0.015172        0.023586
105        0.002414        0.024771
106        0.001357        0.025181
107        0.000678        0.025606
108        0.000963        0.025711
109        0.001291        0.024824
110        0.004252        0.025306
111        0.012997        0.025965
112        0.002776        0.025071
113        0.001423        0.026358
114        0.004476        0.026508
115        0.009384        0.027105
116        0.005496        0.027207
117        0.005372        0.029821
118        0.011038        0.029220
119        0.000227        0.031071
120        0.000905        0.030360
121        0.374770        0.013550
122        0.001246        0.016588
123        0.002896        0.011263
