001        7.247367        0.033725
002        0.072924        0.058854
003        0.102653        0.052174
004        3.838681        0.058302
005        0.229393        0.081077
006        0.012986        0.075043
007        0.049420        0.037774
008        0.070909        0.036574
009        1.264396        0.057141
010        0.080648        0.061730
011        0.020402        0.059915
012        0.089936        0.050460
013        0.044481        0.048162
014        0.054183        0.030432
015        0.018884        0.029951
016        0.192450        0.037259
017        0.016654        0.037428
018        0.001342        0.036809
019        0.075041        0.037480
020        0.004752        0.036848
021        0.008045        0.034882
022        0.013459        0.034790
023        0.008761        0.025050
024        0.005232        0.024772
025        0.000308        0.024893
026        0.004451        0.025624
027        0.004015        0.024973
028        0.038123        0.024853
029        0.003049        0.024223
030        0.000007        0.024491
031        0.005662        0.024564
032        0.009873        0.024572
033        0.000955        0.024511
034        0.017234        0.020546
035        0.005901        0.020826
036        0.010497        0.017338
037        0.001270        0.017512
038        0.003281        0.017097
039        0.017136        0.017549
040        0.006847        0.017081
041        0.001842        0.017196
042        0.000165        0.017354
043        0.002919        0.017042
044        0.000609        0.017058
045        0.005753        0.017452
046        0.001283        0.017477
047        0.005486        0.016773
048        0.003126        0.016839
049        0.002623        0.012486
050        0.000232        0.012440
051        0.001671        0.012288
052        0.006612        0.012550
053        0.005361        0.012184
054        0.001676        0.012337
055        0.000625        0.012471
056        0.000075        0.012485
057        0.000403        0.012490
058        0.000750        0.012443
059        0.000106        0.012458
060        0.002775        0.012742
061        0.001109        0.012700
062        0.000188        0.013115
063        0.000558        0.013166
064        0.000326        0.009143
065        0.000001        0.009128
066        0.000615        0.008965
067        0.002201        0.009154
068        0.002675        0.008944
069        0.000821        0.009061
070        0.000356        0.009180
071        0.000515        0.009122
072        0.000153        0.009180
073        0.000063        0.009221
074        0.000050        0.009176
075        0.001002        0.009296
076        0.000241        0.009285
077        0.000111        0.009474
078        0.000277        0.009506
079        0.000184        0.009864
080        0.000034        0.009946
081        0.000490        0.006774
082        0.000013        0.006828
083        0.000158        0.006674
084        0.000630        0.006767
085        0.000987        0.006611
086        0.000272        0.006720
087        0.000138        0.006796
088        0.000287        0.006776
089        0.000065        0.006815
090        0.000072        0.006869
091        0.000057        0.006798
092        0.000289        0.006856
093        0.000046        0.006863
094        0.000040        0.006960
095        0.000084        0.006959
096        0.000077        0.007098
097        0.000016        0.007123
098        0.000058        0.007318
099        0.000032        0.007325
100        0.000208        0.005056
101        0.000030        0.005119
102        0.000016        0.005015
103        0.000161        0.005057
104        0.000297        0.004947
105        0.000060        0.005004
106        0.000043        0.005068
107        0.000102        0.005070
108        0.000034        0.005081
109        0.000031        0.005132
110        0.000055        0.005067
111        0.000050        0.005123
112        0.000012        0.005119
113        0.000005        0.005155
114        0.000012        0.005138
115        0.000020        0.005216
116        0.000018        0.005227
117        0.000030        0.005301
118        0.000015        0.005316
119        0.000019        0.005395
120        0.000004        0.005391
121        0.317513        0.012160
122        0.000918        0.012878
123        0.003212        0.009148
