001       11.551212        0.052987
002        0.084278        0.087830
003        0.175456        0.081251
004        6.811394        0.106410
005        0.362715        0.134843
006        0.008255        0.129675
007        0.120515        0.061579
008        0.226918        0.060579
009        2.682594        0.120471
010        0.186023        0.125024
011        0.075603        0.122379
012        0.235634        0.099647
013        0.189573        0.097526
014        0.136274        0.056456
015        0.038034        0.054377
016        0.783075        0.095549
017        0.023322        0.095425
018        0.002985        0.094667
019        0.202163        0.095388
020        0.056889        0.094143
021        0.002017        0.083562
022        0.029790        0.082396
023        0.016470        0.051292
024        0.028857        0.049989
025        0.046416        0.075855
026        0.003697        0.077792
027        0.032685        0.076587
028        0.087474        0.074646
029        0.033419        0.073757
030        0.012802        0.075066
031        0.022878        0.074943
032        0.027682        0.069497
033        0.002021        0.068964
034        0.094160        0.046602
035        0.036755        0.046890
036        0.152393        0.061436
037        0.007096        0.061289
038        0.022473        0.060666
039        0.034701        0.061237
040        0.006822        0.060415
041        0.011852        0.059042
042        0.001725        0.058949
043        0.006126        0.059365
044        0.018285        0.059239
045        0.015104        0.057200
046        0.007734        0.057770
047        0.036763        0.044190
048        0.043569        0.042435
049        0.003789        0.049178
050        0.003901        0.049877
051        0.010612        0.049135
052        0.028829        0.049139
053        0.026140        0.048636
054        0.014313        0.049068
055        0.009266        0.049125
056        0.001707        0.048055
057        0.016336        0.047913
058        0.012999        0.047585
059        0.007552        0.047788
060        0.014817        0.048181
061        0.014293        0.047520
062        0.000015        0.040218
063        0.013058        0.039987
064        0.070482        0.039480
065        0.003277        0.039517
066        0.006502        0.038879
067        0.044280        0.039814
068        0.035510        0.038968
069        0.010242        0.038795
070        0.006787        0.038907
071        0.002039        0.039130
072        0.006824        0.039163
073        0.001862        0.038628
074        0.003810        0.038897
075        0.008696        0.038605
076        0.004094        0.038230
077        0.000571        0.039104
078        0.006072        0.039167
079        0.015824        0.036211
080        0.006332        0.036261
081        0.055223        0.032142
082        0.006688        0.032412
083        0.007194        0.031784
084        0.050055        0.032336
085        0.029657        0.031834
086        0.006818        0.032033
087        0.002204        0.032243
088        0.003463        0.031966
089        0.000593        0.031942
090        0.004638        0.031909
091        0.001600        0.032174
092        0.011860        0.032271
093        0.002854        0.032030
094        0.000613        0.031938
095        0.001778        0.031962
096        0.014501        0.032615
097        0.001912        0.032609
098        0.001382        0.032614
099        0.007751        0.032753
100        0.017480        0.020761
101        0.006996        0.021788
102        0.005936        0.019594
103        0.030932        0.020986
104        0.014250        0.019687
105        0.002427        0.019881
106        0.000603        0.020520
107        0.001142        0.020338
108        0.002452        0.021244
109        0.003099        0.020450
110        0.002753        0.020436
111        0.008620        0.021028
112        0.000547        0.020880
113        0.000061        0.021370
114        0.001029        0.021767
115        0.007091        0.022366
116        0.000897        0.022322
117        0.001672        0.024068
118        0.005563        0.023474
119        0.000962        0.026008
120        0.000058        0.026167
121        0.363834        0.013465
122        0.003454        0.015758
123        0.003764        0.010744
