001       10.662213        0.047839
002        0.130603        0.083439
003        0.107910        0.077926
004        5.718121        0.091549
005        0.382449        0.125317
006        0.057799        0.121929
007        0.059972        0.055574
008        0.271018        0.055218
009        2.092407        0.101063
010        0.182891        0.109095
011        0.041976        0.108021
012        0.207419        0.086405
013        0.265753        0.084998
014        0.085982        0.049267
015        0.016922        0.046624
016        0.568347        0.077163
017        0.007901        0.075880
018        0.016850        0.075458
019        0.140428        0.077300
020        0.020687        0.076241
021        0.006962        0.067785
022        0.008050        0.066812
023        0.028215        0.042215
024        0.020504        0.042311
025        0.018938        0.056308
026        0.001695        0.058460
027        0.011319        0.058245
028        0.046478        0.055939
029        0.053191        0.055154
030        0.005264        0.056571
031        0.009298        0.056366
032        0.017719        0.052850
033        0.003117        0.052961
034        0.051461        0.037907
035        0.016911        0.038071
036        0.057913        0.043674
037        0.009122        0.043160
038        0.015632        0.042882
039        0.032318        0.043884
040        0.005974        0.043086
041        0.005561        0.042185
042        0.002400        0.041920
043        0.007600        0.042120
044        0.009275        0.042186
045        0.013876        0.041696
046        0.008446        0.041775
047        0.025399        0.034452
048        0.022208        0.033633
049        0.004447        0.032880
050        0.007192        0.033352
051        0.010663        0.033277
052        0.034961        0.033092
053        0.034276        0.032457
054        0.007848        0.033055
055        0.001588        0.033009
056        0.000991        0.032447
057        0.006583        0.032592
058        0.003190        0.032230
059        0.000370        0.032216
060        0.017556        0.032949
061        0.004378        0.032680
062        0.000791        0.030556
063        0.004261        0.029717
064        0.024839        0.025579
065        0.001918        0.025567
066        0.005790        0.025225
067        0.030293        0.025939
068        0.026443        0.025207
069        0.004628        0.025308
070        0.002631        0.025391
071        0.001400        0.025437
072        0.002543        0.025442
073        0.002211        0.025400
074        0.000532        0.025538
075        0.008824        0.025383
076        0.001964        0.025166
077        0.000466        0.026060
078        0.001535        0.025858
079        0.006830        0.026138
080        0.001255        0.025925
081        0.021694        0.019847
082        0.000480        0.019914
083        0.003099        0.019697
084        0.018911        0.019998
085        0.012037        0.019514
086        0.001499        0.019822
087        0.001980        0.019789
088        0.000733        0.019766
089        0.000951        0.019907
090        0.000241        0.019789
091        0.000525        0.019908
092        0.004542        0.020005
093        0.000770        0.019996
094        0.000055        0.020127
095        0.000161        0.020027
096        0.005123        0.020554
097        0.000454        0.020665
098        0.000458        0.021746
099        0.001211        0.021765
100        0.009536        0.014148
101        0.000547        0.014581
102        0.001320        0.013608
103        0.008399        0.014146
104        0.003269        0.013210
105        0.000021        0.013528
106        0.000880        0.014021
107        0.000328        0.013775
108        0.000519        0.014241
109        0.000197        0.014342
110        0.000857        0.014031
111        0.001765        0.014431
112        0.000407        0.014415
113        0.000437        0.014744
114        0.000541        0.014581
115        0.002377        0.015136
116        0.000149        0.015049
117        0.000122        0.015966
118        0.000895        0.016005
119        0.000450        0.017612
120        0.000294        0.017519
121        0.432885        0.014213
122        0.003436        0.014949
123        0.004512        0.010360
